Dean calc values (orig)

SR:C07-ID:G1A{SST2:1}FlyLUT-Gap-SP 20 18080.1 18842.2 19587.5 20305.3 21015.2 21715.8 22410.1 23103.8 23799.4 24496 25198.1 25914.3 26640.7 27390.9 28169.8 28993 29858.7 30773.2 31776.2 32901.7

SR:C07-ID:G1A{SST2:1}FlyLUT-Energy-SP 20 666.667 719.123 771.579 824.035 876.491 928.947 981.404 1033.86 1086.32 1138.77 1191.23 1243.68 1296.14 1348.6 1401.05 1453.51 1505.96 1558.42 1610.88 1663.33


polyfit values conan


SR:C07-ID:G1A{SST2:1}FlyLUT-Gap-SP 20 13443.84 14895.07 16206.45 17411.78 18538.35 19607.99 20638.11 21642.79 22633.82 23621.77 24617.06 25630.98 26676.79 27770.77 28933.27 30189.79 31572.00 33118.85 34877.59 36904.86

SR:C07-ID:G1A{SST2:1}FlyLUT-Energy-SP 20 400  475  550  625  700  775  850  925 1000 1075 1150 1225 1300 1375 1450 1525 1600 1675 1750 1825

"caput -a"
